0
0
0
0
0
0
0
0
0
0
0
0
0
0
0
0
0
2.71736e-322
1.39532e-303
1.97042e-285
7.53807e-268
7.81227e-251
2.19336e-234
1.66824e-218
3.43736e-203
1.91869e-188
2.90137e-174
1.18855e-160
1.319e-147
3.96545e-135
3.22964e-123
7.12577e-112
4.25918e-101
6.89661e-091
3.02526e-081
3.59505e-072
1.15735e-063
1.00934e-055
2.38467e-048
1.52628e-041
2.64643e-035
1.2431e-029
1.58193e-024
5.45442e-020
5.09771e-016
1.29338e-012
8.9585e-010
1.72821e-007
9.92479e-006
0.000202293
0.00192918
0.0106421
0.0381784
0.09527
0.172066
0.230055
0.230055
0.172066
0.09527
0.0381784
0.0106421
0.00192918
0.000202293
9.92479e-006
1.72821e-007
8.9585e-010
1.29338e-012
5.09771e-016
5.45442e-020
1.58193e-024
1.2431e-029
2.64643e-035
1.52628e-041
2.38467e-048
1.00934e-055
1.15735e-063
3.59505e-072
3.02526e-081
6.89661e-091
4.25918e-101
7.12577e-112
3.22964e-123
3.96545e-135
1.319e-147
1.18855e-160
2.90137e-174
1.91869e-188
3.43736e-203
1.66824e-218
2.19336e-234
7.81227e-251
7.53807e-268
1.97042e-285
1.39532e-303
2.66795e-322
0
0
0
0
0
